Segment#, Branch#, Distance(m), XCenter(m), YCenter(m), UTMZONE, BottomElev(m)
214,  1,        3187.50,   487787.73123,  3601406.92160, 11,    -1.600
213,  1,        3172.50,   487773.31870,  3601402.76481, 11,    -1.600
212,  1,        3157.50,   487758.90617,  3601398.60801, 11,    -1.600
211,  1,        3142.50,   487744.49364,  3601394.45121, 11,    -1.600
210,  1,        3127.50,   487730.08111,  3601390.29442, 11,    -1.600
209,  1,        3112.50,   487715.66858,  3601386.13762, 11,    -1.600
208,  1,        3097.50,   487701.25605,  3601381.98082, 11,    -1.600
207,  1,        3082.50,   487686.84352,  3601377.82403, 11,    -1.600
206,  1,        3067.50,   487672.43099,  3601373.66723, 11,    -1.600
205,  1,        3052.50,   487658.01846,  3601369.51043, 11,    -1.600
204,  1,        3037.50,   487650.50780,  3601359.93821, 11,    -1.600
203,  1,        3022.50,   487650.91798,  3601344.97851, 11,    -1.600
202,  1,        3007.50,   487652.34710,  3601330.04675, 11,    -1.600
201,  1,        2992.50,   487653.77623,  3601315.11498, 11,    -1.600
200,  1,        2977.50,   487655.20535,  3601300.18322, 11,    -0.900
199,  1,        2962.50,   487656.63447,  3601285.25145, 11,    -1.500
198,  1,        2947.50,   487658.06360,  3601270.31969, 11,    -1.600
197,  1,        2932.50,   487659.49272,  3601255.38792, 11,    -1.800
196,  1,        2917.50,   487660.92184,  3601240.45616, 11,    -2.000
195,  1,        2902.50,   487662.35097,  3601225.52439, 11,    -2.000
194,  1,        2887.50,   487663.78009,  3601210.59263, 11,    -2.000
193,  1,        2872.50,   487665.20921,  3601195.66086, 11,    -2.000
192,  1,        2857.50,   487666.13929,  3601180.69808, 11,    -1.800
191,  1,        2842.50,   487663.30019,  3601166.35141, 11,    -1.800
190,  1,        2827.50,   487657.19094,  3601152.65188, 11,    -1.800
189,  1,        2812.50,   487651.08170,  3601138.95235, 11,    -1.500
188,  1,        2797.50,   487644.97245,  3601125.25282, 11,    -1.600
187,  1,        2782.50,   487638.86321,  3601111.55329, 11,    -1.600
186,  1,        2767.50,   487632.75396,  3601097.85376, 11,    -1.600
185,  1,        2752.50,   487626.64471,  3601084.15423, 11,    -1.600
184,  1,        2737.50,   487620.53547,  3601070.45470, 11,    -1.500
183,  1,        2722.50,   487612.63632,  3601057.87950, 11,    -1.600
182,  1,        2707.50,   487600.58804,  3601050.06699, 11,    -1.800
181,  1,        2692.50,   487586.18053,  3601045.89285, 11,    -1.800
180,  1,        2677.50,   487571.77301,  3601041.71870, 11,    -1.200
179,  1,        2662.50,   487557.36550,  3601037.54455, 11,    -1.000
178,  1,        2647.50,   487542.95798,  3601033.37041, 11,    -0.800
177,  1,        2632.50,   487528.55046,  3601029.19626, 11,    -0.800
176,  1,        2617.50,   487514.14295,  3601025.02212, 11,    -0.700
175,  1,        2602.50,   487499.73543,  3601020.84797, 11,    -0.800
174,  1,        2587.50,   487485.32792,  3601016.67382, 11,    -0.700
173,  1,        2572.50,   487470.92040,  3601012.49968, 11,    -0.700
172,  1,        2557.50,   487456.51289,  3601008.32553, 11,    -0.700
171,  1,        2542.50,   487442.10537,  3601004.15138, 11,    -0.700
170,  1,        2527.50,   487427.69786,  3600999.97724, 11,    -0.600
169,  1,        2512.50,   487413.29034,  3600995.80309, 11,    -0.700
168,  1,        2497.50,   487398.88283,  3600991.62894, 11,    -0.700
167,  1,        2482.50,   487384.47531,  3600987.45480, 11,    -0.700
166,  1,        2467.50,   487370.06779,  3600983.28065, 11,    -0.600
165,  1,        2452.50,   487355.66028,  3600979.10651, 11,    -0.400
164,  1,        2437.50,   487341.25276,  3600974.93236, 11,    -0.400
163,  1,        2422.50,   487326.84525,  3600970.75821, 11,    -0.400
162,  1,        2407.50,   487312.43773,  3600966.58407, 11,    -0.400
161,  1,        2392.50,   487298.03022,  3600962.40992, 11,    -0.400
160,  1,        2377.50,   487283.62270,  3600958.23577, 11,    -0.400
159,  1,        2362.50,   487269.21519,  3600954.06163, 11,    -0.300
158,  1,        2347.50,   487254.80767,  3600949.88748, 11,    -0.300
157,  1,        2332.50,   487240.40016,  3600945.71333, 11,    -0.300
156,  1,        2317.50,   487225.99264,  3600941.53919, 11,    -0.300
155,  1,        2302.50,   487211.58512,  3600937.36504, 11,    -0.400
154,  1,        2287.50,   487197.17761,  3600933.19090, 11,    -0.400
153,  1,        2272.50,   487182.77009,  3600929.01675, 11,    -0.300
152,  1,        2257.50,   487168.36258,  3600924.84260, 11,    -0.300
151,  1,        2242.50,   487153.95506,  3600920.66846, 11,    -0.400
150,  1,        2227.50,   487139.54755,  3600916.49431, 11,    -0.300
149,  1,        2212.50,   487125.14003,  3600912.32016, 11,    -0.300
148,  1,        2197.50,   487110.73252,  3600908.14602, 11,    -0.400
147,  1,        2182.50,   487096.32500,  3600903.97187, 11,    -0.400
146,  1,        2167.50,   487081.91748,  3600899.79772, 11,    -0.400
145,  1,        2152.50,   487067.50997,  3600895.62358, 11,    -0.400
144,  1,        2137.50,   487053.10245,  3600891.44943, 11,    -0.400
143,  1,        2122.50,   487038.69494,  3600887.27529, 11,    -0.400
142,  1,        2107.50,   487024.28742,  3600883.10114, 11,    -0.400
141,  1,        2092.50,   487009.87991,  3600878.92699, 11,    -0.400
140,  1,        2077.50,   486995.47239,  3600874.75285, 11,    -0.400
139,  1,        2062.50,   486981.06488,  3600870.57870, 11,    -0.400
138,  1,        2047.50,   486966.65736,  3600866.40455, 11,    -0.400
137,  1,        2032.50,   486952.24985,  3600862.23041, 11,    -0.400
136,  1,        2017.50,   486937.84233,  3600858.05626, 11,    -0.300
135,  1,        2002.50,   486923.43481,  3600853.88211, 11,    -0.300
134,  1,        1987.50,   486909.02730,  3600849.70797, 11,    -0.300
133,  1,        1972.50,   486894.61978,  3600845.53382, 11,    -0.300
132,  1,        1957.50,   486880.21227,  3600841.35968, 11,    -0.300
131,  1,        1942.50,   486865.80475,  3600837.18553, 11,    -0.300
130,  1,        1927.50,   486851.39724,  3600833.01138, 11,    -0.300
129,  1,        1912.50,   486836.98972,  3600828.83724, 11,    -0.400
128,  1,        1897.50,   486822.58221,  3600824.66309, 11,    -0.400
127,  1,        1882.50,   486808.17469,  3600820.48894, 11,    -0.400
126,  1,        1867.50,   486793.76718,  3600816.31480, 11,    -0.400
125,  1,        1852.50,   486779.35966,  3600812.14065, 11,    -0.400
124,  1,        1837.50,   486764.95214,  3600807.96650, 11,    -0.400
123,  1,        1822.50,   486750.58705,  3600803.65113, 11,    -0.300
122,  1,        1807.50,   486736.82269,  3600797.86615, 11,    -0.400
121,  1,        1792.50,   486723.61663,  3600790.75278, 11,    -0.400
120,  1,        1777.50,   486710.41057,  3600783.63941, 11,    -0.400
119,  1,        1762.50,   486697.20452,  3600776.52604, 11,    -0.300
118,  1,        1747.50,   486683.99846,  3600769.41268, 11,    -0.400
117,  1,        1732.50,   486670.79240,  3600762.29931, 11,    -0.400
116,  1,        1717.50,   486656.69941,  3600759.13052, 11,    -0.300
115,  1,        1702.50,   486641.76377,  3600760.41952, 11,    -0.400
114,  1,        1687.50,   486626.87243,  3600762.22171, 11,    -0.300
113,  1,        1672.50,   486611.98109,  3600764.02391, 11,    -0.400
112,  1,        1657.50,   486597.08974,  3600765.82610, 11,    -0.300
111,  1,        1642.50,   486582.19840,  3600767.62829, 11,    -0.300
110,  1,        1627.50,   486567.30706,  3600769.43049, 11,    -0.300
109,  1,        1612.50,   486552.41571,  3600771.23268, 11,    -0.400
108,  1,        1597.50,   486537.52437,  3600773.03487, 11,    -0.400
107,  1,        1582.50,   486522.63303,  3600774.83707, 11,    -0.400
106,  1,        1567.50,   486507.74168,  3600776.63926, 11,    -0.400
105,  1,        1552.50,   486492.85034,  3600778.44145, 11,    -0.400
104,  1,        1537.50,   486477.95900,  3600780.24364, 11,    -0.400
103,  1,        1522.50,   486463.06765,  3600782.04584, 11,    -0.300
102,  1,        1507.50,   486448.17631,  3600783.84803, 11,    -0.300
101,  1,        1492.50,   486433.28497,  3600785.65022, 11,    -0.400
100,  1,        1477.50,   486418.39362,  3600787.45242, 11,    -0.300
 99,  1,        1462.50,   486403.50228,  3600789.25461, 11,    -0.300
 98,  1,        1447.50,   486388.61094,  3600791.05680, 11,    -0.300
 97,  1,        1432.50,   486373.71960,  3600792.85900, 11,    -0.400
 96,  1,        1417.50,   486358.82825,  3600794.66119, 11,    -0.400
 95,  1,        1402.50,   486343.93691,  3600796.46338, 11,    -0.400
 94,  1,        1387.50,   486329.05866,  3600796.36106, 11,    -0.400
 93,  1,        1372.50,   486314.39036,  3600793.38425, 11,    -0.300
 92,  1,        1357.50,   486299.91891,  3600789.43749, 11,    -0.300
 91,  1,        1342.50,   486285.44745,  3600785.49073, 11,    -0.400
 90,  1,        1327.50,   486270.97599,  3600781.54397, 11,    -0.300
 89,  1,        1312.50,   486256.50453,  3600777.59720, 11,    -0.400
 88,  1,        1297.50,   486242.03308,  3600773.65044, 11,    -0.400
 87,  1,        1282.50,   486227.56162,  3600769.70368, 11,    -0.400
 86,  1,        1267.50,   486213.09016,  3600765.75692, 11,    -0.400
 85,  1,        1252.50,   486198.61871,  3600761.81016, 11,    -0.400
 84,  1,        1237.50,   486184.14725,  3600757.86339, 11,    -0.400
 83,  1,        1222.50,   486169.67579,  3600753.91663, 11,    -0.400
 82,  1,        1207.50,   486155.20434,  3600749.96987, 11,    -0.400
 81,  1,        1192.50,   486140.73288,  3600746.02311, 11,    -0.400
 80,  1,        1177.50,   486126.82526,  3600740.62395, 11,    -0.400
 79,  1,        1162.50,   486117.53683,  3600730.16940, 11,    -0.300
 78,  1,        1147.50,   486112.30374,  3600716.11185, 11,    -0.400
 77,  1,        1132.50,   486107.07064,  3600702.05430, 11,    -0.400
 76,  1,        1117.50,   486101.83754,  3600687.99675, 11,    -0.400
 75,  1,        1102.50,   486096.60445,  3600673.93920, 11,    -0.400
 74,  1,        1087.50,   486091.37135,  3600659.88165, 11,    -0.300
 73,  1,        1072.50,   486086.13826,  3600645.82410, 11,    -0.400
 72,  1,        1057.50,   486080.90516,  3600631.76655, 11,    -0.400
 71,  1,        1042.50,   486075.67207,  3600617.70900, 11,    -0.400
 70,  1,        1027.50,   486070.43897,  3600603.65145, 11,    -0.300
 69,  1,        1012.50,   486065.20588,  3600589.59390, 11,    -0.400
 68,  1,         997.50,   486059.97278,  3600575.53635, 11,    -0.400
 67,  1,         982.50,   486054.73969,  3600561.47880, 11,    -0.400
 66,  1,         967.50,   486049.50659,  3600547.42125, 11,    -0.300
 65,  1,         952.50,   486044.27350,  3600533.36370, 11,    -0.300
 64,  1,         937.50,   486039.04040,  3600519.30615, 11,    -0.400
 63,  1,         922.50,   486033.80730,  3600505.24860, 11,    -0.400
 62,  1,         907.50,   486028.57421,  3600491.19105, 11,    -0.400
 61,  1,         892.50,   486023.34111,  3600477.13350, 11,    -0.400
 60,  1,         877.50,   486018.10802,  3600463.07595, 11,    -0.400
 59,  1,         862.50,   486009.36984,  3600451.71408, 11,    -0.400
 58,  1,         847.50,   485996.22575,  3600444.74756, 11,    -0.400
 57,  1,         832.50,   485982.18081,  3600439.48071, 11,    -0.400
 56,  1,         817.50,   485968.13588,  3600434.21385, 11,    -0.400
 55,  1,         802.50,   485954.09094,  3600428.94700, 11,    -0.400
 54,  1,         787.50,   485940.04600,  3600423.68014, 11,    -0.400
 53,  1,         772.50,   485926.00107,  3600418.41329, 11,    -0.400
 52,  1,         757.50,   485911.95613,  3600413.14643, 11,    -0.400
 51,  1,         742.50,   485897.91120,  3600407.87958, 11,    -0.400
 50,  1,         727.50,   485883.86626,  3600402.61272, 11,    -0.400
 49,  1,         712.50,   485869.82132,  3600397.34587, 11,    -0.400
 48,  1,         697.50,   485855.77639,  3600392.07901, 11,    -0.400
 47,  1,         682.50,   485841.73145,  3600386.81216, 11,    -0.400
 46,  1,         667.50,   485827.68651,  3600381.54530, 11,    -0.400
 45,  1,         652.50,   485813.64158,  3600376.27845, 11,    -0.400
 44,  1,         637.50,   485799.59664,  3600371.01159, 11,    -0.400
 43,  1,         622.50,   485785.55170,  3600365.74474, 11,    -0.400
 42,  1,         607.50,   485771.50677,  3600360.47788, 11,    -0.400
 41,  1,         592.50,   485757.46183,  3600355.21102, 11,    -0.400
 40,  1,         577.50,   485743.41690,  3600349.94417, 11,    -0.400
 39,  1,         562.50,   485729.37196,  3600344.67731, 11,    -0.400
 38,  1,         547.50,   485715.32702,  3600339.41046, 11,    -0.400
 37,  1,         532.50,   485701.28209,  3600334.14360, 11,    -0.400
 36,  1,         517.50,   485687.23715,  3600328.87675, 11,    -0.400
 35,  1,         502.50,   485672.88837,  3600327.84803, 11,    -0.400
 34,  1,         487.50,   485658.92125,  3600332.93840, 11,    -0.400
 33,  1,         472.50,   485645.63967,  3600339.90973, 11,    -0.400
 32,  1,         457.50,   485632.35808,  3600346.88105, 11,    -0.400
 31,  1,         442.50,   485619.07649,  3600353.85238, 11,    -0.400
 30,  1,         427.50,   485605.79490,  3600360.82370, 11,    -0.400
 29,  1,         412.50,   485592.51331,  3600367.79503, 11,    -0.300
 28,  1,         397.50,   485579.23172,  3600374.76635, 11,    -0.400
 27,  1,         382.50,   485565.95013,  3600381.73768, 11,    -0.400
 26,  1,         367.50,   485552.66854,  3600388.70900, 11,    -0.300
 25,  1,         352.50,   485539.38695,  3600395.68033, 11,    -0.300
 24,  1,         337.50,   485526.10536,  3600402.65165, 11,    -0.300
 23,  1,         322.50,   485512.82377,  3600409.62298, 11,    -0.300
 22,  1,         307.50,   485499.54218,  3600416.59430, 11,    -0.300
 21,  1,         292.50,   485486.26059,  3600423.56563, 11,    -0.200
 20,  1,         277.50,   485472.97900,  3600430.53696, 11,    -0.200
 19,  1,         262.50,   485459.69741,  3600437.50828, 11,    -0.100
 18,  1,         247.50,   485446.41582,  3600444.47961, 11,    -0.200
 17,  1,         232.50,   485433.13423,  3600451.45093, 11,    -0.100
 16,  1,         217.50,   485419.85264,  3600458.42226, 11,    -0.300
 15,  1,         202.50,   485406.57105,  3600465.39358, 11,    -0.200
 14,  1,         187.50,   485393.28946,  3600472.36491, 11,    -0.200
 13,  1,         172.50,   485380.00787,  3600479.33623, 11,    -0.200
 12,  1,         157.50,   485366.72628,  3600486.30756, 11,    -0.200
 11,  1,         142.50,   485353.44469,  3600493.27888, 11,    -0.200
 10,  1,         127.50,   485340.16310,  3600500.25021, 11,    -0.200
  9,  1,         112.50,   485326.88151,  3600507.22153, 11,    -0.200
  8,  1,          97.50,   485313.59992,  3600514.19286, 11,    -0.200
  7,  1,          82.50,   485300.31833,  3600521.16418, 11,    -0.200
  6,  1,          67.50,   485287.03675,  3600528.13551, 11,    -0.300
  5,  1,          52.50,   485273.75516,  3600535.10684, 11,    -0.200
  4,  1,          37.50,   485260.47357,  3600542.07816, 11,    -0.200
  3,  1,          22.50,   485247.19198,  3600549.04949, 11,     0.000
  2,  1,           7.50,   485233.91039,  3600556.02081, 11,     0.000
377,  2,        5602.50,   487727.63898,  3601188.72911, 11,    -0.700
376,  2,        5587.50,   487719.02274,  3601201.00756, 11,    -0.700
375,  2,        5572.50,   487710.40649,  3601213.28600, 11,    -0.700
374,  2,        5557.50,   487701.79024,  3601225.56445, 11,    -0.700
373,  2,        5542.50,   487693.17400,  3601237.84290, 11,    -0.700
372,  2,        5527.50,   487684.55775,  3601250.12135, 11,    -0.700
371,  2,        5512.50,   487675.94150,  3601262.39980, 11,    -0.700
370,  2,        5497.50,   487667.32525,  3601274.67825, 11,    -0.700
369,  2,        5482.50,   487658.70901,  3601286.95669, 11,    -0.700
368,  2,        5467.50,   487650.09276,  3601299.23514, 11,    -0.600
367,  2,        5452.50,   487641.47651,  3601311.51359, 11,    -0.700
366,  2,        5437.50,   487632.86027,  3601323.79204, 11,    -0.700
365,  2,        5422.50,   487624.24402,  3601336.07049, 11,    -0.700
364,  2,        5407.50,   487615.62777,  3601348.34893, 11,    -0.700
363,  2,        5392.50,   487607.01153,  3601360.62738, 11,    -0.700
362,  2,        5377.50,   487598.39528,  3601372.90583, 11,    -0.700
361,  2,        5362.50,   487589.77903,  3601385.18428, 11,    -0.700
360,  2,        5347.50,   487584.38419,  3601398.74435, 11,    -0.700
359,  2,        5332.50,   487583.46664,  3601413.66330, 11,    -0.700
358,  2,        5317.50,   487583.80496,  3601428.65948, 11,    -0.700
357,  2,        5302.50,   487584.14329,  3601443.65567, 11,    -0.700
356,  2,        5287.50,   487584.48162,  3601458.65185, 11,    -0.700
355,  2,        5272.50,   487584.81994,  3601473.64803, 11,    -0.700
354,  2,        5257.50,   487585.15827,  3601488.64422, 11,    -0.700
353,  2,        5242.50,   487589.23636,  3601502.54311, 11,    -0.700
352,  2,        5227.50,   487599.99197,  3601512.00544, 11,    -0.700
351,  2,        5212.50,   487613.68533,  3601518.12850, 11,    -0.700
350,  2,        5197.50,   487627.37869,  3601524.25155, 11,    -0.700
349,  2,        5182.50,   487641.07206,  3601530.37461, 11,    -0.700
348,  2,        5167.50,   487654.76542,  3601536.49766, 11,    -0.700
347,  2,        5152.50,   487668.45879,  3601542.62071, 11,    -0.700
346,  2,        5137.50,   487682.15215,  3601548.74377, 11,    -0.700
345,  2,        5122.50,   487695.84551,  3601554.86682, 11,    -0.700
344,  2,        5107.50,   487709.53888,  3601560.98987, 11,    -0.700
343,  2,        5092.50,   487723.23224,  3601567.11293, 11,    -0.700
342,  2,        5077.50,   487733.94884,  3601576.59892, 11,    -0.700
341,  2,        5062.50,   487736.91229,  3601590.46840, 11,    -0.700
340,  2,        5047.50,   487735.09934,  3601605.35844, 11,    -0.700
339,  2,        5032.50,   487733.28639,  3601620.24847, 11,    -0.700
338,  2,        5017.50,   487731.47345,  3601635.13851, 11,    -0.700
337,  2,        5002.50,   487729.66050,  3601650.02855, 11,    -0.700
336,  2,        4987.50,   487727.84755,  3601664.91859, 11,    -0.800
335,  2,        4972.50,   487726.03460,  3601679.80862, 11,    -0.700
334,  2,        4957.50,   487724.22166,  3601694.69866, 11,    -0.700
333,  2,        4942.50,   487722.40871,  3601709.58870, 11,    -0.700
332,  2,        4927.50,   487720.59576,  3601724.47874, 11,    -0.700
331,  2,        4912.50,   487718.78281,  3601739.36877, 11,    -0.700
330,  2,        4897.50,   487720.68703,  3601753.76721, 11,    -0.700
329,  2,        4882.50,   487726.44897,  3601767.61556, 11,    -1.300
328,  2,        4867.50,   487732.35146,  3601781.40544, 11,    -1.400
327,  2,        4852.50,   487738.25396,  3601795.19531, 11,    -1.300
326,  2,        4837.50,   487744.15645,  3601808.98518, 11,    -1.300
325,  2,        4822.50,   487750.05894,  3601822.77505, 11,    -1.400
324,  2,        4807.50,   487755.96143,  3601836.56493, 11,    -1.400
323,  2,        4792.50,   487761.86392,  3601850.35480, 11,    -1.400
322,  2,        4777.50,   487767.76641,  3601864.14467, 11,    -1.500
321,  2,        4762.50,   487773.66890,  3601877.93455, 11,    -1.500
320,  2,        4747.50,   487779.57139,  3601891.72442, 11,    -1.600
319,  2,        4732.50,   487785.47388,  3601905.51429, 11,    -1.600
318,  2,        4717.50,   487789.55481,  3601919.82366, 11,    -1.600
317,  2,        4702.50,   487790.60690,  3601934.73769, 11,    -1.600
316,  2,        4687.50,   487790.45171,  3601949.73689, 11,    -1.600
315,  2,        4672.50,   487790.29652,  3601964.73609, 11,    -1.600
314,  2,        4657.50,   487790.14133,  3601979.73528, 11,    -1.600
313,  2,        4642.50,   487789.98614,  3601994.73448, 11,    -1.400
312,  2,        4627.50,   487789.83095,  3602009.73368, 11,    -1.400
311,  2,        4612.50,   487789.67576,  3602024.73288, 11,    -1.200
310,  2,        4597.50,   487789.52057,  3602039.73207, 11,    -1.200
309,  2,        4582.50,   487789.36538,  3602054.73127, 11,    -1.000
308,  2,        4567.50,   487789.21019,  3602069.73047, 11,    -1.100
307,  2,        4552.50,   487789.05500,  3602084.72966, 11,    -1.100
306,  2,        4537.50,   487788.89980,  3602099.72886, 11,    -1.300
305,  2,        4522.50,   487788.74461,  3602114.72806, 11,    -1.400
304,  2,        4507.50,   487788.58942,  3602129.72726, 11,    -1.400
303,  2,        4492.50,   487788.43423,  3602144.72645, 11,    -1.400
302,  2,        4477.50,   487788.27904,  3602159.72565, 11,    -1.300
301,  2,        4462.50,   487785.61975,  3602174.26690, 11,    -1.500
300,  2,        4447.50,   487779.92336,  3602188.13121, 11,    -1.600
299,  2,        4432.50,   487773.69397,  3602201.77653, 11,    -1.500
298,  2,        4417.50,   487767.46458,  3602215.42185, 11,    -1.500
297,  2,        4402.50,   487761.23519,  3602229.06716, 11,    -1.500
296,  2,        4387.50,   487755.00580,  3602242.71248, 11,    -1.400
295,  2,        4372.50,   487748.77641,  3602256.35780, 11,    -1.400
294,  2,        4357.50,   487742.54702,  3602270.00312, 11,    -1.300
293,  2,        4342.50,   487736.31763,  3602283.64844, 11,    -1.300
292,  2,        4327.50,   487730.08824,  3602297.29376, 11,    -1.500
291,  2,        4312.50,   487723.85886,  3602310.93907, 11,    -1.600
290,  2,        4297.50,   487717.62947,  3602324.58439, 11,    -1.400
289,  2,        4282.50,   487711.40008,  3602338.22971, 11,    -1.400
288,  2,        4267.50,   487705.17069,  3602351.87503, 11,    -1.500
287,  2,        4252.50,   487698.94130,  3602365.52035, 11,    -1.600
286,  2,        4237.50,   487692.71191,  3602379.16566, 11,    -1.800
285,  2,        4222.50,   487686.48252,  3602392.81098, 11,    -1.800
284,  2,        4207.50,   487680.25313,  3602406.45630, 11,    -1.600
283,  2,        4192.50,   487674.02374,  3602420.10162, 11,    -1.400
282,  2,        4177.50,   487667.79435,  3602433.74694, 11,    -1.300
281,  2,        4162.50,   487661.56496,  3602447.39226, 11,    -1.300
280,  2,        4147.50,   487655.33557,  3602461.03757, 11,    -1.400
279,  2,        4132.50,   487649.10618,  3602474.68289, 11,    -1.400
278,  2,        4117.50,   487642.87680,  3602488.32821, 11,    -1.500
277,  2,        4102.50,   487640.37134,  3602502.62608, 11,    -1.500
276,  2,        4087.50,   487643.68916,  3602517.09512, 11,    -1.600
275,  2,        4072.50,   487649.10635,  3602531.08276, 11,    -1.600
274,  2,        4057.50,   487654.52353,  3602545.07040, 11,    -1.600
273,  2,        4042.50,   487659.94071,  3602559.05805, 11,    -1.600
272,  2,        4027.50,   487665.35789,  3602573.04569, 11,    -1.800
271,  2,        4012.50,   487670.77507,  3602587.03333, 11,    -1.800
270,  2,        3997.50,   487676.19226,  3602601.02097, 11,    -1.600
269,  2,        3982.50,   487681.60944,  3602615.00862, 11,    -1.600
268,  2,        3967.50,   487687.02662,  3602628.99626, 11,    -1.600
267,  2,        3952.50,   487692.44380,  3602642.98390, 11,    -1.400
266,  2,        3937.50,   487697.86099,  3602656.97154, 11,    -1.500
265,  2,        3922.50,   487703.27817,  3602670.95919, 11,    -1.600
264,  2,        3907.50,   487704.91601,  3602685.37618, 11,    -1.800
263,  2,        3892.50,   487702.61482,  3602700.19773, 11,    -1.800
262,  2,        3877.50,   487700.15393,  3602714.99449, 11,    -1.600
261,  2,        3862.50,   487697.69305,  3602729.79125, 11,    -2.000
260,  2,        3847.50,   487690.20631,  3602741.32590, 11,    -2.000
259,  2,        3832.50,   487677.55408,  3602749.37908, 11,    -2.000
258,  2,        3817.50,   487664.76222,  3602757.21286, 11,    -1.600
257,  2,        3802.50,   487651.97035,  3602765.04665, 11,    -1.800
256,  2,        3787.50,   487639.17849,  3602772.88043, 11,    -1.800
255,  2,        3772.50,   487626.38662,  3602780.71422, 11,    -1.500
254,  2,        3757.50,   487613.59476,  3602788.54800, 11,    -1.400
253,  2,        3742.50,   487600.80289,  3602796.38179, 11,    -1.500
252,  2,        3727.50,   487588.01103,  3602804.21557, 11,    -1.600
251,  2,        3712.50,   487575.21917,  3602812.04936, 11,    -1.800
250,  2,        3697.50,   487563.15736,  3602820.88030, 11,    -2.000
249,  2,        3682.50,   487553.50019,  3602832.14412, 11,    -2.000
248,  2,        3667.50,   487545.51762,  3602844.84367, 11,    -2.000
247,  2,        3652.50,   487537.53505,  3602857.54322, 11,    -2.000
246,  2,        3637.50,   487529.55248,  3602870.24276, 11,    -2.000
245,  2,        3622.50,   487521.56991,  3602882.94231, 11,    -2.000
244,  2,        3607.50,   487513.58734,  3602895.64186, 11,    -1.800
243,  2,        3592.50,   487505.60477,  3602908.34141, 11,    -1.800
242,  2,        3577.50,   487497.62219,  3602921.04096, 11,    -1.800
241,  2,        3562.50,   487489.63962,  3602933.74051, 11,    -1.600
240,  2,        3547.50,   487481.65705,  3602946.44006, 11,    -1.600
239,  2,        3532.50,   487473.67448,  3602959.13961, 11,    -1.400
238,  2,        3517.50,   487465.69191,  3602971.83916, 11,    -1.400
237,  2,        3502.50,   487457.70934,  3602984.53871, 11,    -1.400
236,  2,        3487.50,   487449.72677,  3602997.23826, 11,    -1.300
235,  2,        3472.50,   487447.42376,  3603010.89555, 11,    -1.300
234,  2,        3457.50,   487451.46870,  3603025.32318, 11,    -1.400
233,  2,        3442.50,   487456.18202,  3603039.56343, 11,    -1.300
232,  2,        3427.50,   487460.89533,  3603053.80368, 11,    -1.400
231,  2,        3412.50,   487465.60865,  3603068.04392, 11,    -1.300
230,  2,        3397.50,   487470.32196,  3603082.28417, 11,    -1.300
229,  2,        3382.50,   487475.03528,  3603096.52442, 11,    -1.300
228,  2,        3367.50,   487479.74859,  3603110.76467, 11,    -1.500
227,  2,        3352.50,   487484.46191,  3603125.00491, 11,    -1.600
226,  2,        3337.50,   487489.17522,  3603139.24516, 11,    -2.000
225,  2,        3322.50,   487490.62414,  3603153.81015, 11,    -1.800
224,  2,        3307.50,   487484.41309,  3603166.55831, 11,    -1.800
223,  2,        3292.50,   487473.80649,  3603177.16491, 11,    -1.600
222,  2,        3277.50,   487463.19988,  3603187.77151, 11,    -1.400
221,  2,        3262.50,   487452.59328,  3603198.37812, 11,    -1.300
220,  2,        3247.50,   487441.98668,  3603208.98472, 11,    -1.300
219,  2,        3232.50,   487431.38007,  3603219.59132, 11,    -1.400
218,  2,        3217.50,   487420.77347,  3603230.19792, 11,    -1.500
217,  2,        3202.50,   487410.16687,  3603240.80452, 11,    -1.400
462,  3,        6847.50,   487574.97878,  3600993.22453, 11,    -0.100
461,  3,        6832.50,   487587.08894,  3600984.37331, 11,    -0.100
460,  3,        6817.50,   487599.19909,  3600975.52209, 11,    -0.200
459,  3,        6802.50,   487611.30925,  3600966.67087, 11,    -0.200
458,  3,        6787.50,   487623.41941,  3600957.81965, 11,    -0.300
457,  3,        6772.50,   487635.52956,  3600948.96843, 11,    -0.200
456,  3,        6757.50,   487647.63972,  3600940.11721, 11,    -0.300
455,  3,        6742.50,   487659.74988,  3600931.26599, 11,    -0.300
454,  3,        6727.50,   487671.86003,  3600922.41477, 11,    -0.200
453,  3,        6712.50,   487683.97019,  3600913.56355, 11,    -0.300
452,  3,        6697.50,   487696.08035,  3600904.71233, 11,    -0.300
451,  3,        6682.50,   487708.19050,  3600895.86111, 11,    -0.300
450,  3,        6667.50,   487720.30066,  3600887.00989, 11,    -0.300
449,  3,        6652.50,   487732.41082,  3600878.15867, 11,    -0.300
448,  3,        6637.50,   487744.52097,  3600869.30745, 11,    -0.300
447,  3,        6622.50,   487756.63113,  3600860.45623, 11,    -0.300
446,  3,        6607.50,   487768.74129,  3600851.60500, 11,    -0.300
445,  3,        6592.50,   487780.85144,  3600842.75378, 11,    -0.300
444,  3,        6577.50,   487792.96160,  3600833.90256, 11,    -0.300
443,  3,        6562.50,   487805.07176,  3600825.05134, 11,    -0.300
442,  3,        6547.50,   487817.18191,  3600816.20012, 11,    -0.300
441,  3,        6532.50,   487829.29207,  3600807.34890, 11,    -0.300
440,  3,        6517.50,   487841.40223,  3600798.49768, 11,    -0.300
439,  3,        6502.50,   487853.51238,  3600789.64646, 11,    -0.300
438,  3,        6487.50,   487865.62254,  3600780.79524, 11,    -0.300
437,  3,        6472.50,   487877.73270,  3600771.94402, 11,    -0.300
436,  3,        6457.50,   487889.84285,  3600763.09280, 11,    -0.300
435,  3,        6442.50,   487901.95301,  3600754.24158, 11,    -0.300
434,  3,        6427.50,   487914.06317,  3600745.39036, 11,    -0.300
433,  3,        6412.50,   487926.17332,  3600736.53914, 11,    -0.300
432,  3,        6397.50,   487938.28348,  3600727.68792, 11,    -0.300
431,  3,        6382.50,   487950.39364,  3600718.83670, 11,    -0.300
430,  3,        6367.50,   487962.50380,  3600709.98548, 11,    -0.300
429,  3,        6352.50,   487974.61395,  3600701.13426, 11,    -0.300
428,  3,        6337.50,   487986.72411,  3600692.28304, 11,    -0.500
427,  3,        6322.50,   487998.83427,  3600683.43182, 11,    -0.500
426,  3,        6307.50,   488010.94442,  3600674.58060, 11,    -0.500
425,  3,        6292.50,   488023.05458,  3600665.72937, 11,    -0.500
424,  3,        6277.50,   488035.16474,  3600656.87815, 11,    -0.500
423,  3,        6262.50,   488047.27489,  3600648.02693, 11,    -0.600
422,  3,        6247.50,   488059.38505,  3600639.17571, 11,    -0.600
421,  3,        6232.50,   488071.49521,  3600630.32449, 11,    -0.500
420,  3,        6217.50,   488083.60536,  3600621.47327, 11,    -0.600
419,  3,        6202.50,   488095.71552,  3600612.62205, 11,    -0.500
418,  3,        6187.50,   488107.82568,  3600603.77083, 11,    -0.500
417,  3,        6172.50,   488119.93583,  3600594.91961, 11,    -0.500
416,  3,        6157.50,   488132.04599,  3600586.06839, 11,    -0.400
415,  3,        6142.50,   488144.15615,  3600577.21717, 11,    -0.500
414,  3,        6127.50,   488156.26630,  3600568.36595, 11,    -0.500
413,  3,        6112.50,   488168.37646,  3600559.51473, 11,    -0.600
412,  3,        6097.50,   488180.48662,  3600550.66351, 11,    -0.600
411,  3,        6082.50,   488192.59677,  3600541.81229, 11,    -0.600
410,  3,        6067.50,   488204.70693,  3600532.96107, 11,    -0.600
409,  3,        6052.50,   488216.81709,  3600524.10985, 11,    -0.500
408,  3,        6037.50,   488228.92724,  3600515.25863, 11,    -0.600
407,  3,        6022.50,   488241.03740,  3600506.40741, 11,    -0.600
406,  3,        6007.50,   488253.14756,  3600497.55619, 11,    -0.500
405,  3,        5992.50,   488265.25771,  3600488.70496, 11,    -0.500
404,  3,        5977.50,   488277.36787,  3600479.85374, 11,    -0.700
403,  3,        5962.50,   488289.47803,  3600471.00252, 11,    -0.700
402,  3,        5947.50,   488301.58818,  3600462.15130, 11,    -0.700
401,  3,        5932.50,   488313.69834,  3600453.30008, 11,    -0.700
400,  3,        5917.50,   488325.80850,  3600444.44886, 11,    -0.700
399,  3,        5902.50,   488337.91865,  3600435.59764, 11,    -0.700
398,  3,        5887.50,   488350.02881,  3600426.74642, 11,    -0.700
397,  3,        5872.50,   488362.13897,  3600417.89520, 11,    -0.700
396,  3,        5857.50,   488374.24912,  3600409.04398, 11,    -0.800
395,  3,        5842.50,   488386.35928,  3600400.19276, 11,    -0.600
394,  3,        5827.50,   488398.46944,  3600391.34154, 11,    -0.600
393,  3,        5812.50,   488410.57959,  3600382.49032, 11,    -0.500
392,  3,        5797.50,   488422.68975,  3600373.63910, 11,    -0.500
391,  3,        5782.50,   488434.79991,  3600364.78788, 11,    -0.500
390,  3,        5767.50,   488446.91006,  3600355.93666, 11,    -0.500
389,  3,        5752.50,   488459.02022,  3600347.08544, 11,    -0.500
388,  3,        5737.50,   488471.13038,  3600338.23422, 11,    -0.600
387,  3,        5722.50,   488483.24053,  3600329.38300, 11,    -0.400
386,  3,        5707.50,   488495.35069,  3600320.53178, 11,    -0.100
385,  3,        5692.50,   488507.46085,  3600311.68055, 11,    -0.100
384,  3,        5677.50,   488519.57100,  3600302.82933, 11,    -0.100
383,  3,        5662.50,   488531.68116,  3600293.97811, 11,    -0.100
382,  3,        5647.50,   488543.79132,  3600285.12689, 11,     0.000
381,  3,        5632.50,   488555.90147,  3600276.27567, 11,     0.300
380,  3,        5617.50,   488568.01163,  3600267.42445, 11,     0.400
 Error processing coordinates. Preprocessing continuing. No connection for JB,NN
 BR,JJB:           4           3           1
